100
0010011100110011011000110000100000000110100010111101011100110111111011000011101011001101011000110110
0001110011010110100111011011111111110110001100010000001111001100101011010001101001001011010100000111
1001101011010100100111010011101010110101001100010001001111010100101011110001011001000000100100000111
0110111100110011010001110100010001001100110011111101101000110110110110000111101111101101010011011111
0111000101101100110110101001001010101001111110101110110011101011000000010100010110010100101111111000
1101000111101100111010101011000110001000110011101100010011101011000000001100010000010100101110111000
1011000111101101011110101011001100011001011111101000000010101001000100011110010100100100101110111000
1001111011010110100011011110110010000100000100010011001111011000111011101000101001011011110100000111
0110011100111010000001100100010001001110110010101101011100110101101011100011100100101111001001111111
0110111100000011011001010000010000001110100011111001111000110111110111100100100001101010011011101111
1001111010010010000111011111010101110010001000000010001110001000101011111001111000011011110000000111
1111000110100101011110101000001100111001110111101110010011101010000100011100010110110100001101110000
0000111010000010000011011111110101110110000100010010001011011000111011101001111000011000110100000110
0110111100010001010000110100110001001100110010111101101100110111010101100011101010001011011011110111
1101000111101001111110000011001110110001000110100110110011101010000100010010010100110100101101111000
1001001001010110100111011001111011110111001000010010001111010000110010101001011001010011110100000011
0110110100000011010001100100100001001100110010111101011000010111110011100011101110001110011011001011
1001111001010110100111010101110010000110001100010011001111001100000011111001111000011000010100000011
1000011001010010000111000011111110100111001100010010000110011000111001010001101000011010100100000110
0110101000110011011001100100110001000010110011111100111100110111111111100011101111101101010010111111
0110111100111011011001110100010001001110110011011101100100100011001100000101001101101011011001010010
0111000111101001111110101001000010110001101011101010110011001011000100011010000110010100101111111000
1001111010010100100111010110111111110111000100010001001101011000110010111001111001011001110000000111
1111000101101101010010100001001000101001010111101110110010101001000000001110000110100100101111101000
0100111100111001000001000000110001001110100011010001111100110101111111000010101101001010001011111111
0001000110101100110110100011001110001001101111100110110011101011000100011100000000100000101011111000
0110011100101010001000100100110001001010010011111001110000110101011101100101100011100111001010110101
0110111000101011011001010100010001000110110001111101100100110111111111100111100111101111011001111101
1110000100001101111100101010000110101001111010100110110011100011000100000100010110100100101101101000
0101000111101101011110101011001110001001001110001100010010100010000100011110000110110000001111011000
0110101000010011001000110100010001001110100011011101110100110111111011100101101111101100011010100100
0100011000111010001000100100110001001110110001101001111100110111011001100011101000101110011011101111
0110110100000011011001100100110000000110110011010101111100110111011111100111101011101111011010101101
0101000010101101100110101011001100111001111111001110010011101011000100001000010110110100100110111000
0110100000111011001001110000100001001110110010111101110000110001110100000101100111001111011011010110
0110001000111011000001100000000001001100110011110100111100110111111100100111101100100101011011111110
0001111011010100100010011110111101110100000100010011001101001000011011111001001001011011110100000110
1111000111001101111010101001001110111001111011101110010011101011000000000100010100110000001011001000
1100000011101001011110101011001110100001100111100110010010001011000100011010000010100000101110101000
0010101000010011001001110100110001000110100010111101111100110111011111000111101101100110011011111011
1001110011010100100111001101101111110111001100000001000011010000011011011000111001010011110100000111
0001111010010100100110010011100111110100001100010011000111001000100001011001110001000011100100000101
0110101000100001011001000100110001000100110010110001111100110011111110100110001011001001010001010101
0110101100011010011000110100010001001010110001110101110100100011010001000011100011101001011011111011
1001111011010110100111011110111011110111001000010001000011000100111001111001100000010001110000000000
0001011001010000000111011111001111010110000100010011001111011100111011100001011001011011110100000111
1001111011010110100101010111100100110111001100000001001101011100001010111001111001001011100000000111
1111000101001101111110101011001010111001011111001110100011101011000100001110010100110100101010110000
1001111011010100100111010011011101100101000000010011001110001100111010110001111001011000110100000111
1001110010010110100110010101111011110111000100010010000011011100011011000001111001000000010100000010
0000100100111011011001010100100001001110010001011101111000100111111011100111101101101111011011111100
1011000111000100110010101011001110101001111111101010110000101011000000011110000010010100001100101000
0001100001000110000111011111101110110001001100010011001111010100011011111000111000011011100100000110
1000110011010010100101011110111111110111001100000011000101011100111011111101011001010011010100000001
1111000111101101110100101000000110011001001001101010100010001011000100001010010010110100100100011000
1110000110100101011110101001001110011001011101101000110011000011000000010100010110100000101011101000
0110111100111011011001010100110001000110110011011100101100100111111111100001100110101111011011111110
0110110100011011010001100100100001001100110011110100110100100111111111100111001110100011011001111001
1001111011010110000110011111111111110101001100010011000011011100011001101000111001001001100000000001
1011000111001101101100101011001110110001101001100100110000101011000100010010010010010100000101101000
0100111100111010011001110100000001001110010001111101011000110111011101100111001111001011011011111010
1111000011000100110100001011001110010001000011101110110011101001000100010110010100110100101111110000
1001110001010110100111000101111111010111001100010011001111011000111011011001111001011011110100000110
1000111011000100100111011111101111110111001100010011001111011100101010111000111000011011010100000111
1111000111101001101100101001001000110000011011001010010011000011000100010100010110110000101111111000
1001000101001101101100101011001110111001101111001110110011101010000000011000000110010100001101101000
1110000110101000001110001011001110011001101011101110110011101011000100011110010110100100100111111000
0001001001010110000111001111110011110011001000010000001011011100101011000001101000011011100100000111
1111000111101001110100101001001010001001101001101110110011000011000100011110010110110100101111101000
1110000111101100111100001011001110001001110111000110110011101010000100000100010100110100001111100000
0010000111101101110100100011001110011000001011101010110011101001000000011100010010100100101111111000
0110101000110010011001100100010000001010110010101001110100010111111010100111101110100111011001111011
0000011100111001010001110100010001001010110010110001111000100011011010100101101101101111010011011111
0001111001010000000010010111111010110101001000010011010101001100101011111001110001010011010100000111
1001001010000110100101011001010110010011001100010011001001011100001010010001110000011010110000000111
1111000010101101111110100011001110111001010111101110010011001010000100011110010110110100100111001000
1101000111101100111100101011001110110001110110101110100010100011000100011110010110010000101101111000
0010111000111011010000100000100001000100110001111100111100110111101011100111100101100101001000010101
1111000100101101111110101000001110011001101001101110110001101011000100011000000110110100100101111000
0001101010010010100111011001111001110101000000010010000111001100111011011001111001011011100100000001
1001100000010100100101010011111011100010001100000001001111011000111010110001101001000010110000000110
1111000101000001000110101011001010101001111101101110010000101010000000001100010110110100101101110000
0001001011010010000110010111111111010111000100010010001111000100101011111001011001011011110100000111
0000110100111011011001100000010001001100100011011001111000010111110111000111101101100111011000011101
1101000111101100111110101001001110101000001101101010100010101011000100001010000100100100101011101000
1001111010010010100101010011101111110001000000010011001010010100011011111001011001011001110100000111
0100000111100101101010001011000110101001110001100010110011001011000100011110000110110000001101111000
1101000110100101000110100011000010111000111111100010110011101011000100011100010100110100101111111000
0010111100101011001001110100100001001010110011111000101100100110101110100011101111101101011000111110
1101000101101101110110100001001110111001101111001110010011001011000000011110000010110100101001111000
1000111011010110100011011111111110110111000100010011000111001100110011110000110001011011110100000111
0110111100011011011001010000110001001010110001001101111000010111111111100101101101100111001001101101
0001111001000100100101011110011111110111000100010010000110001100101011101001000000001001000000000111
0001100011010110100011011101110100110101001100000010000111011100111011111001101001001011010100000111
1000111011010110000101011111101111010011000100010011000111011100111011110000101001001011110100000110
1001111010010110000111001111010001110001001100010010001011001100101000111000111001010011110000000111
0001111011000010100101011101110111010111000100000011001111011000111010111001101000011011110100000111
1111000111101100001100101011001110111000111001101010100010000011000100001110010010110100101111111000
1111000111101101111110101000000100111001100101101100100010001011000100011110000010100100101011111000
0111000111100101110100101011000110000001111101101000010001100001000100011110010100110100001111011000
