200
01101011000110110010011101000100010011001100110100011111000101100111001001110001100011110110001111100110010111000001111101000000001000001101010001101100010111011100110100000101010010010010111101100001
10010110110101100001110101111111111101110010000100100011010011001110011110010100010110110001000001011010101011111100000010001101001110000111110110101011101001100011101100001010010100001000011110010110
10011110100101001001010111111111110101100011000100000011010101001110011010010110010110110000000001111000111111111111000010001101111010100111010110111011101000100101011111000010011001000000011100101111
01101111001010110110011101001000010011000100111110011111000101011111110000011011111011010010111111110110111011110000010101100010001000000000011001101100010110001001110100110001110010100011101001100101
10110001111010011101001010110011101110001111011001001000111010110000000001100101001101001001111100000100000000000110111111110101100010111010100110010111111010110000001011111010101011110100000011011010
01110001011011001011101010110001101110010011111011101100111010110001000111100001100101001000100110001100000000001110011110111111100110111010000111000111101110110010000011011111001011110111100001011010
11110001111011011111101000100011101100011110100010101000101010010001000111100001101101001011110010001001000000001100110011011111000100011010000110000011101010101010000001110111001111110111000011011010
10011110110101101000110010111111111001110011000100110011110110000110111010001110010000011001000001010000111111101010000010011101100110110011110010011010101001100111111111001000011101001000011100111110
01101011001110000110001101001100010010101100111101011111001101011011110000101010111011000110011011100010111111110000111001100010011001001100011001100100010111000101110000010101000010111001101101100001
01001111000110100110001000001000000011101100110000000000001000100111111001110011001011100110101110010110111100110001010101100010011000001000011001000100010011001100100100110001110010101011001001100100
00011110100101101001110111111101111101110011000100110011010110000100101110010110010110111001000001011010111011110000000010011101111010100101011110111010100000100111011110001010011101000100011000111111
11100001111001011100101010110001101010001110101011001100011010000001000111100100100101001011111110001101000000000010101010101110100110010010100111000011101010101000001000111011001111100101100011011010
10011110110001101001010111111101101001100001000100110011100110000100111100011100010100111101000001111001011101111101000000001101111111100111001110010011100000100111110101001010011001001000011110110010
01100111001110010100010101000000010011100000010110011111001101110110111001111001111011110110111110110110111111110001101101100010010001001100011001101000000111000001100100110101100000011010110101100100
11010001011010011110100010110000101110010101111011101100111000010001000111100100101101000011110010001001000000001110111101101000100100111010100111010110110100011010001001000111000101100110000011011000
10011010000101100001000111111111011001110011000100100011110011000010111110000010010110111001000001111010111111101011000010011101100110010111111010101011101000100101111111001010011100000100011100111110
00101111001110100110010101001100010011101100111011011101001101111110111001110010111011110010011111010110100000100001111101100010001001000101011001100000010101011101110100110101000010111010101101100000
00011010110101101001010101111110101101100000000000110010100111001010110110011110010110110100000001011010011101111111000010000101110111110001011110110011101000100110101111001010011000001100011000011111
10010110110000101000110101110111101101100011000100100010010011001100101110011110010110110101000001011001111101110111000010011101111101110011111010111011001001100101111111001010010000001100011110101111
01101110001010010100010001001100010001100100111111001011001101110111011001111011101011010110111111010110111110100001001101100000010000001100011000101000010110011100110100110101100010111011011101100101
01000111001100100010011101001100010010101100001011010100001000011111101001101011111011000000011111110100101111010000101100100000011001000101011001101000000111010101110100110101000010101010011100100101
11110001001011001111100010110011101110011100011001101100111010110000000110100101000100001011101110000100000000001110111101011110100100000010100101010100110000111000001001011011101110100110100011011010
10011110110100000000100011111111111001110011000100110001010111001110110100011110010100111001000000101011110010010111000010001001110110110111111110111001100001000111011111001010011101000100011110110111
11110000101011011110100010110001101110011111011001101100011010010001000101100101001001001001111110001001000000001110011011110111100110110010100111010011111010111010000000111111101011110111100011011000
00101101001110110000011101001000000011101000101011010110000000001011111001011011001000100100111000100110111111110001101000100000000001001100011001100100010111011101110100110101110010010001001100000101
11110000101011011111101010110001101010011111110001001100011010110000000101000101101101001011101110001100000000000110110101101100100110101010100011000111111110111000000011110110001101110111100010011010
01101111001110110110011101001000010011100100111111011111001101111111111000101001101001000100101011100000101011110001111101000010011000000001010000101100010111011001000100000100110010010011011100000101
01101101001110110110011101001100010011101100110111011111001001001111111001100010111011000110111111110010011101100001111001100010011000001101010001101000010111011101110100010101110010111010111101000101
01110001111010011101101010110001100000010111111010101100111000110000000001100100101101001011111110001101000000001110111111111011100110101000100011010011101100101010000000101111100111110111100011011010
11100001101010011111101000010001001110010111111011100100000010110001000100100001101101001011111110001101000000001010011111011101100110111010100011010110110100111010001011111110001111000101100011011010
01101011000000010110011000000000010011101000110110011110001100111111111001111010110011110110101111010110111111110001110100100010010001000001011001101100010111011001110100100100110010000011111000100001
01101111001110010010011101001100000000101100011111011111001001101111011000111010111011010110111110110010011111100001111101100010011000001101010001101000010111011101110100110001110010010010011101100101
01101111001110100110011101001000010001101100011111000010001001011111111000111010010011110110110111110100111101010000111101100010010001001001011001101000010101011100010100000101100010010011001101100001
11110001101001011001101000110010101100010011101011101100111010100001000100100100101101001011110100001101000000001110111110111100100010111010100111010111011110111010001001000101001101110010100011011010
01001111001110110110011101000100010011101100000111011001001101111011111000110001111011110110001111110110110100100001111000100000010001001100001001101100010101011100110100100100100010110010011100000000
01101110001000100110010100000100010011101100111011011111001000101101110001101011111011110010111111110010100011110001010001100010011001001001011001001100010111011100000100110101010010010011010101100101
10011100110101101000110111110110001101010001000000100011110111001100111100011110010110111101000000110001111101101110000010011100111101100111101010101010101001100110111111000010010100001100010110111110
11110001011011011111001010110010101110011010110011100100111010100001000101000101001001000011101010001101000000000110000101100110100100111010100001010110000110100000001001011111101011110111100011011000
01100001111011011111101010110011101100011001101010101100101010110001000100000101000100001011101010001101000000001110111101111111100100010000000101000100011110101010000001011001101101110101100011001000
01000111001000110000011101001100010011101100011110011111000000111011010001011010010011110110101111100110111010000001100101100010001001001001010001000100010111011101010000110101100000111011111101000101
10001010110100001000110111010011101101110011000100100010110111001110111000001110010000111101000001000011101111011011000000011101010110110111111110011011101001100001010111001010010101001100010100110111
10011010110100101001110101111101101100010001000100110011110001001100111110011110010010101101000001011000111111101111000010011101011000110101001100110011000001100111110110001010001100001100011110111110
01101111001100010010001101001100010001001000110111011111001100101101101001011000011011010110011001110100110101110001111001100000011001001101011000101100010101011101010100010001110000101001101101100101
00101101001010110010001101001100010010101100000111011111001101111111110001011011010010010110101011000110101100010001011100100010000001001101011001001100010111010100110100110101110010100011011101100001
10010110110100101001000011111110010101100010000100110001010110000010001100011010010110111100000001111011110111111001000010011101010110110011111100011011100001100111111111001010011100001000001110011110
10011100110001101001010101111111100101010010000100100001010101000010111010011100010110101001000001110010011101111111000010001101101101110011010010100011101000100111101111000010011001001100000110111111
00011100100100101001110110101101110100110000000100010000110011001100111110011110010100011001000001011011110011011111000000011001010111110111111100111011101001100111011101001010011101001100010110111110
11110001101011010011001000110011101000011111111011001000101010010001000100100000101001001001111110000100000000000000101010011111100110100000100110010111110010111010000011101110101111110111100011011010
00010110000101101001100010111111111101110011000100110001110010001110111100011010000100011101000001111001000111110110000010000101111011110111111110111010101000000111101101001010011000001000011110110100
00001100100100101001110111110101111101000011000100100011110011000110111010010110010110111001000000111011111100011101000010010101101111110010101110000010101000100011111101000010011000001100010110011111
01000111001010110110011100001100010011101100110011011101001101100110011001111010110011110110111111110010111111000001011101100010011000001000011001100100010000011100110100010101110010111011101101000001
10010001101011001100101010110011001100010111101010101100111010110000000100100001101001001011111110001001000000001110111111010111000110101010000111010111111010011010000011111100100101110011100010011010
10011110100101101001010101111011011100110011000100110011000111001110111100010110010110011101000001111011111111011110000000011101101101100011101010011011101001000101011001001000011101000100010110111000
10010100100101101000110111111111010101110011000000110001110111001000111100011110000100111101000000111011011111111111000010011101111111110101110110011011101000000111111111001010011101001100010010111010
11110001101011010111000010110011100110011111000001001000110000110001000011100101101101001011101110001001000000001110111111101011000000001010100111000111001100010010001010111100101101100111100001011010
11110001101011011001001000110001001110010111110011101100101000110001000011100101100101001011111110000100000000001010000011111111100110101010100101010101011010111000001000101111100001100101100001001010
00001111000010110100010000001000010011101100001111010111001100010111111001011011011011100110101111110110101111110001111101100010011001001101010000100100000111011101010100100101010010111010011001000101
01101101001100110010011101001000010011001100111011010110001100110111101001111010111011010100111111110100100011100000101101100010011001001101011001000100010001000101110100010001110000101001011000000001
00001110110101101001110101111011111101100011000100110001110111000010111110011010000110111101000001011011110111111111000010011100111111110101100010111001000001100011111111001010011101000000011010111111
10110001101011001101001000100010001010001011110000101100111000110001000111100101101101001011111010001101000000000100010110111011100100011010100100010111111110111010000010101101100110100101100011011000
01001111001110010110011101000100010011101000101111011100001001011111111001111011111011110100011111110010111111110001111101000010011001101000010001100100000001011100000100110100110010110011101001100101
11110000100001011111001000110001101010001101011001101100001010000000000111100101101100001011101110001001000000000110101111011111100100111010100101010111111010111000000011100111101111110100100011010000
10001100010001001001010001101111011101110011000000110011010100001110101000011100010110100101000000101011110111111110000000000101111010100011101110111011101001000111111111001010001101001000011110111111
00011110100001101001110101101110101000110001000100010011110110001010111010000110010110111100000000111011001110111111000000001101111111110011001010100000100001100011011011000010010101000100011110111001
01110000100000001110101010110011101110011111001010001100000010110000000100100101001101001011110110000101000000001100000111010010100110110010100101010111001110111010000000111111101110110001000011011010
11110001011011001011101000110011100110001111001011101000110010100001000111000101001100001000011110000101000000001000100111111111100110111010100111010111101010111010001011111111101111000111100000001010
11110001110001011101101010110011101000011001110011101000111010110000000110100001101101001011111110001101000000001110011111011011100110000010100101010110101100101000001011100111000111100111100010001010
10010110110100100001100110110111111101110011000100000011110110000100111110000010000110100100000001111011111111101111000010010101111000110110111110111011101000000100111001000010011001001100001100011111
00010001111011011110101010110010101110001111011011001100111010110001000000100101101101000000111100001101000000001110101111111011100110110010000000010100110010111000001011111001101101110111100010010010
01110001110011011101001010110011101110011101011011101100101010010001000110000100101101001001111010001101000000001100011110011011000110111010000111010100111110101010000011100101101111010111100001010010
11100001011011011011100010110011101010001110111011101100111010110001000111100101101000001011001110001000000000001110000101111011100110001010000110000110100010001000001010011110001001110100000010011010
01000110001110110110011101000100010011100100101110011100001101001111011001111011011000110100111011110110111111100001110100100010001001001101011001101100000101000101110100100000110010110001111101000000
01100111001100110110010000000000000000000100011001000011001101010111011001011010101011100010111111110110111100110001101101100010000001001000011001101100010101001101110100110100110010111011111101100100
10001110010101101001100111011010000101010011000000100011110111000100001110001110000110110101000000101011011101101011000000011001101111000101100110111011101001100011011110000000011100000000011100100111
10001110110101101001110100111111111100000000000100110011010111001010101100011110000110111101000001111011111111110100000000011101001101100110110100111011100001100111011101000000011100000100001110111111
11110000011011001111001010000011101010010111111011101100111010100000000110100001101101001010111110001101000000001110101110111111100110111010100111010111111010111010001001110000101111010111000011011010
00010001100011000111101010100011100110011111111010100100111010100000000111100101101001001011110100000100000000001010100111011001100110101000100011010111010110101010001010110111101101000011100011011000
01101001001110100110011101001000010011101100011001001111000101111100111001101001010000010100111111100100101110110001111001100010011001000100001000101100010111010001100000010100100010111011101101100100
00110001111000011111101010010011100110011101101011101100111010010001000111100001101100001001111110000001000000000110011101010111100110010000100111010111100110011010001011001111100110010001100001011010
10011110010001000001110111100100001101100001000000010011100111001110101100011110010110110001000001100011110110111101000010011101010010110101111110001011100001000011111111001010001100001000011110101111
10010110100101101001100001111111011100000000000100110011010111000010111010011010010110011100000001111011111110100111000000011101111111100111011110111011101001100011111011001010000101000100011110010111
01110001101011011110101000010011101110011111111001101000110010110000000100000101101101001001111110001001000000001110111101101111100010111010100111000011101110100010001011011100001110000010100011010000
00011010110001101001100111111101011101000010000100010010110111001110111110011010010010111101000000111011111111111101000010011000011111110110100110111010100001100001111011001010001100001100010110110001
01101110001110110110011001001100010010100000111011001111001101111111110001110011110011010110111110100110001111110000111101100000011001001100011001100100010110011101110100110101110000100011000101000100
11110000111001011111100000010011101110010111110001101000111010110001000011100001101100000001011110001101000000001110101111100111100010111010100111000111111100101010001010111111001010000111100001000010
10011110110101101001100101111111111101010010000100110011110110001010110010011000010100111101000001111010000011101110000000011101111110010101111110100000101001100100011110000010000101001000010110110110
11100000011011011110001010000010101110011100110001100100101010110001000111100001001001001011110100001101000000001110111010010110100010101010100111000100111110111000001001110110101100010110100010011010
11110001001011011111001000000011101110011011101011101100011010010000000101100101101101001001011110000101000000000110110011010011000110111010100111010011101010011000001001111111101101110101100001011000
00001111001110010000011101001100010010101100111111011111001101011110011000111010111001110110101100110110101011010001111101100000000001001000011001101100010111011100010000010101110010111011111001000101
10000000110011000111000010110011101010011111100010101100111010110001000101100100101101001001101010001001000000001010111101110010100110100010100111000101101110011000001011101111001111110111100011000010
10010010110101101001010001011111111101110011000000110011100101001010001010011000000100101001000001011001010101101111000010011101011100110010111000111011100001100110110011000010000100001100011010111101
01001011001110110010011101001100010011101100011111011111001101101010011001101011011011110110111110110100011011110001101101100010001000001101011001011000010011001001100100110001010010101010101001000100
00011110010101100001010111111111110101110001000100110011110101001010110110011110010100101101000000111010011011100101000000011101111001000010111100110011101001100111111111001000001101001100011100111101
00011010100101101001100110011101110100000010000100110001010110001110110110011110010110110001000000111011111111111111000010011001111111110110110010111001101001100011101110001010010001000100001010110101
10011000110101001001110111111111001101110011000100110011110111000110111110010110010110011101000001111010011111111111000010011101011111010100011110111011001000100111111011001000011101001100010010101110
10011100010101001001110101011111111100010000000100110011110011001110101010011110010110111001000000111011001111011111000000001001110101110111111110111001101000100111011111001010011001000000011100111001
10010110110101101001110101111111101101110001000100110011110111001110011110010110010110010101000001101010101100110011000010000101111100110111110010111011100001000110011110001000010101000100011110100111
11110001101010011111100000110010101100011111111010101000111010000001000110100101100001000010001010001101000000001100110111111011100100110010100100010100111100111010001010110001101111100111100011000010
10110000100011010000101010110001101110010010110011101100110010110001000111100101101101001001111110001101000000000010100110111101100100111000100000010011101100111010001011101100101101010111100011011010
01110001011011011111100000010011101110000110111011101100111010010001000110100000101001001011111100001101000000001110111111111110100110001000100111010010000110111010001011101110101001110011100010010010
01100110001110110110001101001100010001100100101011011110001101110011111001110000111011100110111111110110111111110001111100100010011001000001011000001100010111011101110000000101010010011010111101100101
10011100010101001001110011001110111001110011000100000001110100001110110110011100000110111001000001111001011111000011000010011100101111110011001100111001101001000110001111001010011001000100001000001111
11010000111001011101001010010011001100011001111001101100101010110001000111100001101101001000111110001000000000001110111101001101100110011010100111000111111110110000001010111101101001110011000011010000
00000010000110100010001100001100010011101000101011011110001101111111110001110011111010110110010101110100111101000001101001100010001001001101011001101100010111011100110100100001110010111010111100000100
01110001111001011011101010100010101110011111101001101000111010100001000110100101101000001000010010001001000000000000011101011110100110111010100010010110010110111010000001011111101110110111100010011000
10110001111011010111001010010011101010010110111001101100001010100001000111100001101000000011111000001101000000001110010110111011100000011000100111010110101110101010001011010111100101100011100011001010
01110001111011010111100010110011100010011101010001101100100010010001000111100100101100001001111110001101000000001000111111111111000110011000100111000101111110110010001011111011100110110111100011000010
10100001110011010111100010010011101010001111110011101100101010110001000111100101101100000010011110001101000000001110111111001101100110110000100111000111100100111010001000101111001101110110100111011000
11110001101001010001101010100011000100011100101010101100111010110001000100100101101101001001111100001100000000001110111001111111100000101000100111010011111110110010001001001011101001110101100001010010
11110001101011010110100010110011100110001110111010101100111010100001000101100000001101001011111100001101000000000110110011111111100110111010100110010011111110111010001011111101101111010110100011010010
01110001111011011111000010110011001110000110110010000100111010110001000111100101101101000011111010001000000000001110111001111011100100111000000111010111111010011010001010111111100111110100000011010010
01110000111011000110101010100010100100001011111011001100101010110000000010100101001100001001011110001000000000001000111101111110100010110010100101000111101100111010001000011111101110010111100011011010
01100111000010110100010100001100010010101100111001011111001000111111111001011001011011100110011101010010011110110001011100100010001001000100011001101000000111011100100100110001100010101011111101100100
01101110000010100110011101001000010011100100011011011110001101111011111000110011111011110010111101010010010111100001101101000010011001001101001001101100010011011001110100110100100010011010111101000101
00101101000100110110011101001100010011101100011010011111001001110011101001011010110011110110011110110110010111100001111001000010010001001101011000001100010110010101100100110001000000101011111101100100
10100000010011011111001010110011001100011111111001100100101010010001000111000101101000001011111110001101000000001110111101001101100110001010100111000111000000111010001011111111101111010011100011001010
10001010100101101000110011111011111000110010000100010010110011000100100110011100010110111101000001111011001111110111000010000101010111110000111100011011100001100111100110001010001000001000011110100001
10011110110000101000010101111111111100100011000000110010100110000010010100000110010100111100000001011010111111111011000010000001111101010011110110111011100000100111111111001000011001001000011010011111
10001100100101101001110110111101111000100011000100110010110011000010110010010110010110101101000000011011101110111111000010011101011011010011101110101001000001100111011111001010011000000000000110110100
10011100010001101001110001101111110001110001000000110010110111001110111110011010010110001101000001111010111100011101000010010101101110110110101110110011101001000111101001000010011001000100010110011010
01101111001100010110001100001100010010000100110111010111001101001111110000011001001010110010011011110100011101000000111101000010011000000101011000001100010111011101110100010100000000011011101000100101
10011010110001101001010101111101100101110010000000110011110011001110101010001110010110011101000001010011101111110111000010010100111110100110111010111011101001000101010111000010001101001100011100101111
00011100110101101001100111011011111101110011000000100011110100000100101110010100010110001101000001111001011011111000000000010101111101110111111110111010001001100011111111000010011101001100001100111101
00001111001000010010010100001100010010101100101101011101001101001111111001111011101001110110111001110100111011110000001101100010001001000101010001001100010111011101110000110000100010111001010001000101
01100111001110110010011001001100010010101100111100001111001101010110111001111001111001000010111101110110111111110001001000000010011001001100001001001000010011011001110100100101010010110001111101100100
01101111001110010110010101000100010011101100110111011101001001110101000000110011110011100010101010110110101111010001101101100000001001000101011001101100010110001100110100100101100000110000101001000101
00010110110101001000010100111011100101110001000100110011110111001110111110010110010010110101000001011001111011111110000010011000011110110111111000101001001001100110111100000010011101001100011110110110
01101111001010010110001100001100000000101100111111011111000101110111111001111011110011010010111111100010011111100001111100100000011001001101011001101000000100011101110100110001110010110011111100100101
00101101001110110110011101001100010011100000010111001101001101111111101001011010110011100100110111110110110111110001010101100000011001001101011001101100000110001101110100000101110010011001111101100001
00100000111011000111101000110011101110001110101010100100111010110001000000000101101101000010111110001000000000000110111011101011100110111010100111010010100110111010001011111111101111010101100010011010
11110000111010001010100000110001000110010110010011101100111010110001000101100100101101000011111010001101000000001100011111111111100110111010100101010111110100000010001011111110101111110101100011011010
01000111000110110110011101001100000011101000111101011101001101011110111001111010101001010110011111110110101101100001110101100010011000000100011001101100000011010101110000010101100010101010111000100000
01101101001110010100001101001100010000001000101111010101001000111110111001011011111011110100011000010110101101010001101101000010011000001100001001101100010111011101110100100101000000111001011101100000
00000000100011001110100010000010101110010011011011001100111010010000000111100100101100001000111100001101000000001110111000111101100000110010100111010111111010011010000001011111101011010111100011010010
00101101001010100110001101001100010011001100111111011101001011111101110000111001111010110110010111100100100111110000100101100010011001000101011000101100010111011001010100110101110010111001111101100101
00001111000100110110001100000100010001101100111011000100001101011101110000010011011011010010011111100110111101110000111100100010011001001001001001101100010110001101010000110101010010111011001101100101
10001110110001100001000011011101111101010011000000110011110111000100011110011000010110111001000000110011111011100111000000001001111010010001111000111011101001100110110111001010010001001100011110111110
11100000101011011001101010010001001010001111001010000100111000000001000101100101101101000001011110000001000000001110000111111111100110100010000111010111101100111000001000111011001101110111100011011010
01101111000110110010011101000100010011001000111011011011000101111111111000110000111010110110110111000110100001010001011101100010011001000100011001101100000111011101010100110101010010010011100101000100
11100001001010011110101000110011100110011111111010001100111000110000000101000001100001000001000110001101000000000110011010110111100000111000100011000011111100011010001011111001101100110111100000001000
01001001000100110010011101001100010011001000101111001111001101101111000001111011011011110110110111110010111111010001111101100010011001001001001001101100010110011000100000010001010010011010100101000100
11110001111001011111101010110011100100011011111010100100110010000001000110100001100101001011111110001001000000001010110011110111100100101010000101000111001010011010001010110101101110110100000011001010
00010000111011011111101010000010101110001111101011101000010000110001000110000101100101001011101100001101000000001110101111101111100110111010100100010111001100111010001011101110101111110111000011010010
01101110001110100100011100000000010000101100101111010111000101101111011001110011111011110100101101010110011111110001111100100000011001000100011001100100000111000100110100110101010010111011111001100000
01101111001110110110001101001100010010001000010111011110001000110101011001011011111011110100011110010010111111100001011101100000010001000101000001001100010010011100110100110101110010001001111000100101
10010100110101101000110111011111111101110001000000110011010011001110010110011010010110111101000000010011011110111101000000011101111111010111110110101010001001100111101111001010010101000000011100111011
11110000101001011111101010110011101010000110011010100000101010110001000111100100101101001010111110000101000000001100011101100111100110111010100101000111111100010010001011011011100110010011100011011010
00101001001010100110011100001100010001001100101110011101001101101111110001111010101000010011111111110100110011100000110101100000011001001100001000001100010110011101110100110101110010111010101001100001
11110001001001010011101000110011101110001011101010001100001000100001000111100101101000001011011110001101000000001110111011111111100110111010100011010111011110111010001011011001001111110110100010010010
10011100110000100000010011100110011101110011000100110011110111001110111110011110000110101100000001001011111100110111000010010100101111110110111110111011100001100100111111001010011101001100011110101111
01101111001110110110000101001100010011001100111111011110000101101111001001111011111010010010101010110010110111110001110101100000011001001101011001101100010001001101110100110000000010111011001101000101
01101110000110010110001101001000010000001100111100011111001101101101000001111011110010010110111110100110001111110001111101000010001001001101011000101100010111001100100100000100110010010001011101100001
01101111001110110100011101001100000010001000111111011100000101110111111001110011111011110110110111100110011111110000110101000000011001001101000000100100000110011100010100110101110000111010101101000101
10011000110000101001010111110111111100110011000100110001010101000000110010011100000110101001000001001011101011100110000010011100001011110001100010111011001001100010100111001010010101001000001110011111
01101111000100010110000101001000010010101000011011011111000101101111010001010000110011110100111101100110011011110000000101100010000001001101011001101000010001011001110100110001110010111011110000100100
10010100100001101001100011111111111101110011000000000010100100001010010110001110010110101100000001111011111111011010000010010101111010110111101100111001100001100111110110001010011101001100010010111111
10011110110101000001100111110011010101110001000100010001100101001100111000011110010100111101000000011011111011101110000010011100110111110010110110011001100001100010111111001010011101001100010110011111
11000001110001001010101010110011101110011111101000001000111010110000000111100101101001001011110010001101000000001100101111111010000110101010000101000111011110110010001010011110000011010110100011011010
01101111001110010110010101001100010011101100111101000001001101011110110001111000111011100010111101110010111111010001111000100010010000001100001001001100010111001000110100110100110000111011110101100101
10001100000000101001110111110111111100010011000100110011100111001100100000010110000100111100000001111011101111111111000010011001010111100111111010111000101001000110110110000010011001001100010110111111
10010010010100101001010111111111111100110010000100110001100111001110111010011010000110111101000001111001110101111101000010011101110011110111111010011011101000100111111111001010000101001100010010110011
10100001111010011111101010010001101110010111111010101100110010100001000110100000000101001010101110001101000000001010111111010111100110011010000111010111100100011010001011101111000111100111100010011000
01000111001010100100001100001100010010100100111111010110001100111100010001111011110010000010111111110100111111110001111100100010011001001001011001101000010111011101100100010000110010111011101001100001
01110001101011011010101010110011000000011110111011001100111000110000000111100101101100000001111100001000000000000110111111111001100110110010000001010010001100001010000011111111101111010111000001011010
11010001110011011111100010010011001010000101110011100100011000100001000110000101101100000011111000001001000000001110110110111111100110001000100111010111011110111010001011101111101110010111100001011000
10110001101010011011101010010011101010011111101001101100111000110001000111100001101101001010101110001001000000000100011011111111100110111010000110010110101110111000001010101101101010110111000011011010
01101001001100110110011000000100010011000000111011001111001000110111101001111011111011110100111111110110011111110001011100100010011000000101011001101100000011001100110000110100010010111010011101100100
11110001011011011111101010110011101110001111111011100100111010100000000111100001000101000001110110000101000000001110111011101111100010101010000111010111111110111010000011111111101000100111100011010010
00101101001000010110001001000100000010001100110100010110001101110110111001001011111011000110111111110110011001100001111001100000011000001001011001101100010111011101110100010100110010111010000101100101
00101111000010110110011001000100010011101000111111011100001001110111110000110011111000110110101100110100111011000001011101100000011001001001001001101100010010001101100100010101110000111010111101100100
00011010010101001001100111001111001100010001000100010011100111001110110110011000000110110101000001110011001101101111000000011101011010110111011110010010101000100101111100000000010001000100011110101111
00011110110101001001110111010101000101110011000000110010010010001100101010011100010110111001000001000010111001111111000010010001011101110111110110111010101001100011001111001010001101001000001000111111
01001101001110010110011100001100000001101100101110011111001100101100101000000011111010010100111110110110101111110001111000000000011001001101001001101100010111001101110100010101110010111001111001000101
10000110100001101001100111111110111101010001000100110011100111001110011010001110010110111100000000111010110101110101000010001100111111110010011110010001100001100101111111001000011001001100010100011111
01101110001110110110011101001100000011001100111111000101001001111111001000001011101011110110010100010100111110110001101101100010011001001100001001100100010111011101100100010001110010111011011101100001
10010110110101101001110110011001110101110011000000100001110101001110110000001010000110011101000001001011111111111011000000001101110111110111110110111000101000000101110101001010011101001100000110110011
00011000010001000001010110111011101001110011000100110011010111001100110110011110000100111000000001110011111011111101000000010101111101100001011010110001101000100011110111001010010001001100010100111001
11110001011010010110001010110011000110001011111011101100111010010001000111100000000100001001011110001101000000000000011100101011100000111010100111010101111110110010001011101111101111110110100011011010
00101111001110010100011101000100010001100100111111001110001001101101111001111001011010110100101101110110100111010001111101100010011001000101011000001100000110010001110100010101010010001010011100100101
01000011001100110000011001001100010010101100101100011110001101111110110001111011111001110110101011100000111101110001000001100010011000000101011001101100010110001101100000010001010010011010101101000101
10011110110100001001110110111111101101000001000100100000100111001110010110010110010010001101000001001001101001111101000000011001111101110010111110111011001001000111111010001010011101001100011000110111
00101111001110100000001101001100010001101000011100011111001001110111111000011000100001010100111111110110010111100001010101100010011001001100001001001100010111011101000000110101110010011011111001000001
00011110110100101001110101011000011001110011000100110011110111001010101110000100000100011101000001010011111110101010000000011101001110110101011100011010101000100110011111001010010000000100011110111110
10001110100001001001000111111001111101110000000100110000100011001000111110010110000000111100000000111011101111110101000010011101111011110111111100111011101001100011111011001010010101001100001110111100
01000001110011001111100000010000000010011110111011100100110000100001000010000101001001001011101000001001000000001110110011110010100110111000100110010110111110111010001011011111101111010101100011011010
00001110001100110110011101001100000011101100011101001111000101010111111000110000101010110110111011100100101111110000000101100010011001001101011000001100000111011101110100100101110010111011110101100101
10010110010001101001110101111011111101010001000100110010100010000110110010011100010110101101000001111011111101011111000010000001000101010111101100111010101001100111111111000010011101000100001100110111
00010110110100000001000111101110100101110011000100110011010110001110110110011110000110011100000001110010111010011011000010011001111011110111001110100011001000100111110100001010000001001100011110110111
10010100100101001000010101011110010001110010000100110011000111000110110110001110010010111101000001111001111111011111000010001101111101100111100110111000101001100110100101001000010101001100011010111101
11100001001011010111101000110011001110011101001011001100111000110000000111000001101001001010101110001001000000001110110101011011100110101000000111000101001110111000001001101110101011100101100011011010
11110001111010011111101010110011101000010111100010100000111010110001000111100101100000001011110110001101000000001110110011101111100110111000000111010111110000000010001001111010001111110011100011011010
11100001100011011011101010110001101110011111111011101000000000110001000111100101101101000000100110001001000100001110101101101011100010111010100001000111110010110000001011100111101100110111000001011010
01001010000110100010011101001100010011100100111111011100001101111010101000111001111001100110011011110010111101110001111100000010011001001100011000101100010111011100010100100001010000111001111001100100
10011110110101101001010100011101110101110011000100100011100111001000010110011110010110011101000001101010011111111111000000011100101011110110111100110011100001100011111111001010010101001100011110111011
10110001111011011011101000000011100110001111011010001100001010110000000011100101001001000010111110001000000000001010101011101011100110111000000111010101001100111010001011110011101010110111100011000010
01001111001110110100011101001100010011001100111111011110001101111001111000111010111001110010110100110010100111110000011100100010011001001100001001101000010111011101110100010101110010111011111101000101
00101111001100110110010101001100010011100100111101011111001100111111001000111011000000110010101100100100110100010001010101100000011000001101010001100100010111010101110000110100110000111000111101000100
01110001011001010111101010110001000110011110111011000000101010100001000011100101100101001011111010001101000000001110011011111111000000111010100010000110111110110000001011111100001110110111100010011000
01101111001110010110011001001100010010001100111101010111001000101111111001110011100011100100001011110100011011110001010101000010011001001100011001101100010111011001010100110101010010101011011101100000
10110000101000000111101010110011100100011011010001100000111010110001000001100001101000001010110110001100000000000100110011110101100000110000000011010111110110111010000010111111101111000111100001010000
