30
011011110011101101100111010011
100111101101001010011101111111
100111101101011010011101111111
011011100011101101100111010011
111100001110110111111010101100
111100001110110111111000101100
111100011110110111111010101100
100000101101011010011101111111
011011110011101100100111010011
011011110011001101100111010011
100111101101011010011100111111
111100011110110111111010101100
100111101001011010011101111111
001011110011101101100111010011
111100011110110111111000101100
100111101101011010011101011111
011011110011101101100111010011
100111100101011010011101111111
100111101101011010011101111111
011011110011101101100101010011
011011110011101101100101010011
111100011110110111111010101100
100110101101010010000101111111
111100011100110111111010101100
011011110011101001100111010011
111100011110110111111010101100
011011110011101101100111010011
011011110011101101100111010011
111100011110110111111010101100
111100011110110111111010101100
