50
00101111000110110110000101001100010011101100111111
00011110110100001001110110101001101100100011000100
10000110110101101000110111111101010101010010000100
01000110001110110110011101001100010011100100111110
11000001011001001101000010110011101000011011110011
11110000101011001101101010010011100110011111111001
11110001111011010110101010110001000110010010011001
10001010110101101001110111111101111101110011000100
01100111001000110100011001001100000011101000101110
01101011001010010110011100001100000001100100011111
00011110110101101001010111111101111101110011000000
11110001001011011101101010110011101110010011111010
10010110010100101001110111101110110101110001000100
00101111001100110010011101001100010011001100011111
10110001101011011111001000010011101100001011111011
10010010110101101001110011101101111001100000000000
01101101001110110111001100001100010010101100111110
10011110110100101001110111000001001100110011000100
10010010010001101001010111001111101101010010000100
01001101001110111110001101001000000011101100111110
01100111000110010100011101000000010000001000110111
01110001111011010110101000110011101110011010111001
00010110110101101001110110111101101101110010000100
11110001011011001111101010010011100110001111100011
01101111001110010110001101001000010011101000011111
10110001101011010111100010111011001100011111111011
01101011001110010000011001001100010010101100110111
00101111001100100000011101001100010001100100011001
11110001111011011011001011110011101110011011101010
10110001111011011010001000110011101110001001111010
00001100000110100010010101001100000001000100110110
01101111001100110110011101001100010001001100111101
01001101001110110010011100001100000001101100110111
10110001001011011000100010110001000110000010111011
01001001001100110110011001001100000011100100111111
01100111001110100110011101001100010011101100111110
10010110100101001001010110101100011101110001000100
10110001111011010011001010010011101110011101111010
11010001111010011101001010110000101110001111111001
00101111001110000110011001001000000011000100111110
10001100100001101001110111101101100101100001000100
10010100010001001001000101110011101101110011000100
01101111001100100110011101001000010000100100110101
01001101001110100100000101001100000011101100111111
10011100100100101001110101101111111101110011000100
10011110010101101001110011110111111101110011000100
10010110110101101001010011011101011101110001000100
11110001110011001111101010100011101110011111111001
10011000110101101001100111101110111101010001000000
10001110010001100000110111110001111000100011000100
