55
0110100100101010011001100100110000001010110011111001001
1000000011010110100101001111110101010111000100010011001
1001110011010110000111001111010100110111001100010011000
0010101100111011010000010100100000001110100011001101111
1011000111101000111110001011001110101000010110001110110
0010000111101101110110101011001110101001111110100110110
0001000111101101000110100000000110110001111111001010110
1001111011010110100111011011111110010111000100010001000
0110111100111011011001110100110001001110100010011101111
0110111100111001011000100100110000001110110011011101110
1001111011010110100011011111010110110010000100010001000
0111000111101101111100101001000010111000111111101110110
1001111011010110100111001001111011110010001100010011001
0110011100111011000001100100110001001110110001111101110
1111000110101101001110101010000110101001111111101110100
0001011011010110100100011111111111110110000100000000001
0100110100111001010001110100110000001000110010010100110
1001110011010000100101011111100111110011000100010000001
1000100011010010000011001111110111110100001000000010001
0110111100011011010001010000110001001110100001011101011
0010111100101010001000100100110001000010110011111101111
1110000110101100111100001011001110111001110111001110110
1000011011010110100010010110100101110101001100010011001
0001000110100001110100101011001100111001010101001110110
0110110100111011011001010100110001000110110011101101111
1111000011100101111010101010001100001001110111000100110
0110110100100011011001110100110000001000110010011000100
0110110100111001011001010000110001000000000011100001111
1101000111001101111110101011000110110001111101101100110
1110000111101101101110001011001100110001111010101110110
0000110100001001000001010100010001001100110011111101111
0110111100100011011001110100110001001100010011111001111
0000111100111011011001000000100000000110100010011101111
0100000010001101011110101001001100111001101111100110110
0010111000111011011001110000110001000110110011111000001
0110001100111001011001110000110001000110010011010101101
1001110011010110100101010110001101000101001100000011000
0111000111000101001100101000001110111001111111001110010
1111000111101101010110001000000010110000111111101110110
0110011100000010010001110100110001001100110001011000010
1001011011010110100111001110111011100111000100010011001
1000111001010110100011011110111100110111001100010010001
0010011000011010001000100000110001001110010011111101111
0110111100111011010001110100100001001110110011111101101
1001111011010010100011001111011111110110001100010000001
1001001001010110000111011101101101110111001100010011001
1000010000010110000010001001111101100010001100010011001
1110000111101100110110100010001110110001111111101110010
1001101011010110000111011010111110100111001100010010001
0001110011010110100111011100111011010110001100010011001
0110111000011010001001110000010001001110110001111101111
1111000111101100000110101001001110011000101101100110110
0001111011010110100011011111111111010010001100000011001
0001111011010100100111011101111111000111001000010011001
1101000010001001011110101001001110110000111111101110110
