60
011011010000101101100111010001000100111010001111010101100011
100111101001011010000001110111110101011100110001000000010101
100101100101011010001000110011110111011000100001001100111100
011011110010001100100010010010000100111001000111100011110011
110100011110110100111010101100011010100111011110111001001110
111100011110110100111010101100110011100111011110010011001110
011100011010110110111010101100111011000111111100111010001100
100111101101011010011101111010111100011100010001001110101101
010011110011101101100111010001000100011011001011010101100011
001011010011101101100111010010000100111000001101110111010001
000111101101011000011101111001011011001100110001000000011101
011000011110010101100000001100111000100111001110111011001110
100011101100011010011100101111111011011100100001001100100101
011011110011101101100111010001000100101001001011110111110001
111100011110110111001010001000011001100111111110011011001100
100111101101011010011101101011011110011100110001000100011101
011000110000101101100111010001000100011011001111110110110010
100000001101011010011101111111111111001100010001001100111001
100111101101010010011101101111011110010100110001001100111100
000011110010100101100111010011000100111010001111100111110011
001011110010101101100111000011000000001010001000100011110010
100000011110110111111010100100101001100101111110110001000110
100111101100011010011101111001101100011100010001001000101101
110000011110010111111010100100011011100111101100110011000110
011011110010100101100111010001000000001001000100010111100011
111100011110010011010010101000101001100111101110011011001110
000011110011101101100010010011000100111011000011110011110011
010011100001100001100101000011000000110001001111000011010011
011100010100100101111000001100110011100111111010111000001100
111000001010110111111010101100111011000011101010111000000000
011001110001100001000110010011000000011000001111100111010011
011011110011101101100001000011000100110011000110110110110011
000010110011101101100111010001000000101010001011110110110011
111100011100010111110010001000010001100111111110011011001010
001011100010100101100001000011000000010011001111100111110001
011001100010101001000101010011000100111010001111110001100011
100111000101011000010101011110011101010100110001000100101001
111100011100100110110010001100110011100110111010110011001111
111100011110110111011010101000101001000110001010111000001110
010011110011101101100111010010000100111001001101010001110001
100011101001001010011001011011011111011000110001001000111001
000111101001011010000101111111010110000100110001001100101100
011000100010101100100101010011000100110011001010110011110010
010011110010001101100110000010000100110011001111010100110011
100011101101011010011101010111101111011100110001001100111100
100111100101001010010101110100110111000100010000000100100001
100111001001011010010100011111111111011000110001001000111101
111100011110110111110010001100101011100111011010000011001110
000110100101010010011101001011111011011000100000001000000101
100011101101011010000101111011011101011100110000001100001001
001010110001101001100010010011000100001011001010110111100011
101000011100110111110000100000111010100001011100011011001100
000101110101011010011001111100111110010000100001001100101000
100111001101011000011101111100100111010100100001001100100100
101100011000110011111010101000011011100111111110001011001100
011100000110010111111000001100111010000110111010000000001110
001011110011001101100010010010000100111011001011010110110011
011011110011101100100111010010000000011001001011100101110011
100111001001000010011101111100111101011000110001001000011101
110100011110110101010010101100111011110110010110111000001110
