65
01101100001110110110011001001100010011101000111011011111001101100
10010110100001101000110001111101110101010011000100110011110111000
10000100010001100001110111011110111100110001000100110011110110001
01001101000100010110001100001100010001101100111110011100001101111
10010001110001001011101010100011101110001100111010000100101000110
11110001110011011101001000110001101110011111111011101100101010110
01000001101010010000101010010011101110011111111001101000001010110
00011110100001101000100111110111111101110010000000110010100110000
01001111001110010100001101001100010010101000111111000110001101111
00101100001110100110011101000100000011101100101001011110001001101
10000010110101000001100001011111111100000011000100110010110111001
10010000111010011111101010110011101110011100110011100100101010000
10000110110100101001110111001111100101000011000100110011110111000
01101101001000010000011000001100000011101100111011011111001000111
11100001010010011111101010010011000110010111111010001000010010000
10010110100101100001000101111111000101110010000100110011110110001
01001101000110100110011101001100010001101000011101010111000101101
10010100110100101000110111111010111100110001000100110011100111001
10011000010100101000110111111100111101010011000100110011110011001
00101100001110110000010100001100010010101000011101010111001100111
01101011001110100110011100001000010011101100011101011111001101100
11100000010011001111101010110010100110011111010011101100111000110
10011110110101101000110011101110011001110011000000010001010111001
00110001110010011111100000110011001110011111101011101100101010110
00101011000110100110011001001100010011001100110111010011001101101
11100001111010011110001010110011001010011011001001101100111010110
01001101000100010110011101000100010000000100111111011101001101100
01100111001100110110010101001000010001101100111101010110001101110
11110000101011011111101010010001101110001111111001101100110000010
11110001111011011011001010100011101110001111111001001100011000110
00101011001110110100011101000100010011101100011011011110001100111
01001111001110110000000101001100010011001100111111001011000001111
01101111001110000110010000001100000011101100111011011011001000101
11110001101000001111101010110011001000011100101011101100111000010
00101111001100000110001101001100010010101100111101010111001100100
01101111001110110110010100001100000011100100011010011101001101111
10001110110101100001110111001111101101010010000100110010110010001
11010001010011011010101010010011100110001111100000101100010010110
10110001110001011101101000010010101100000011010010101000111000010
01100111000100110110011101000000010010001100111001001110001101011
10011110110101001001110111011111111001010011000100010001110111001
00011110010101100000110110111111111101010011000100110011010111001
01000111001010110010011101001100000011101100101011010111001101001
01100110001010100110011101001100000001101100111011011101001101110
10011110110101100000000110111101111001010011000100100010110101001
10011110100101101001110010111111101100110001000100010011110111001
10011110110001101001100101111111111100010011000100110010110111001
01110000101010011111100010110001001010001100111011101000011010110
10011100100101100000010110100011110100100011000100010001100011000
10000110110101001001110111111111111000010011000100110011110001001
01100111001110010110010101001000010011100100101101011111001101011
11110001011011011111101010110010101110001111011011101100101010110
10010110010001100000110101101111110101110001000100110010100110001
10011100110101001001110101111110011101010011000000110010010111001
11100001111011011111100010010011101010010110111001101100111000110
11100000000011011111101010100001101100001111010011100000111000110
01101101001110010110010101001000010010101000111011011011000101100
01100000001010110010011001001100010011101100111101000111000101111
10011110110101000001110111110110111100110011000100110011000111000
11110001101010011101101010110010001100011111111000101100111010110
01100111001110110110001101000000000011001100011110011100001101010
11010000111010001110101010110001000100011111111011100100111010100
10011110110001001001110111110111101101000001000100010011110101000
00011110100001000001010101011111010101110001000100110011010110001
00110000111001011111001010000011100110011110111001101100010000010
