70
0000111100111011011001110100110001001100110011111101111000000010100111
0000011011010110100111011101011011110110001000000011000110010000110011
0001110011000010000100011110101011110111000100000001001111000000111001
0010011100111011011001110100110001000110110001011001111100110111110111
1010000111101001101110101001000110100000101111001000110011101010000100
1111000101101001110100100010001100101000011111000110000011100001000100
1101000011101101011110101010001010111001111001101100110011101001000100
1001110011000100100110011111011111010111000100010001000111011100111001
0110101100100011011000100100100001000110110011111101001000110101101101
0110111100011011010001110100010001001100110001111101101100110111111110
1001111010010100100111001110111011110111001100010010001001010000111011
1101000001100101101110101011001110111000101111101110110011101011000100
1001111001000000100111010111111111110111001100010011000101001000111010
0100001100110001011001110100010001001110110011101101011100110111001111
1111000011000001111110001001001100101001110111101100110011100001000000
1001111011010110100101010101011111110111001100010000001001011100111011
0100110100111011011000010100100001001000110011101001111100110001111011
1001011011000110100101010110100110010111000100010011001110001000111011
1001101010010110100110001010111011110111001000000011001010000100111011
0110111100111011011000110100010001000110110001111001111100010101110111
0100101100111010001001100100100001001110100010111101111100100101110111
1101000001101101010010001001001010111001111011101000110011101011000100
1001111011010100000110010111111111110111001100010011001101011100101001
1111000101001101110100101011000110110000011111101100110011101011000100
0110101100110010001001010100110001001110110011111001111000110111111011
1111000111101101110110101010000100011001111110001100010011101001000000
0010011100111000011000110100110001001110100011111100111000110100111011
0100100100011011000001110000100001001100110001100101010100000001011101
1011000010101000111010101011001110110001110111101110010001101011000100
1101000101101101001100101010001010111001111111101110110011101001000000
0110011100111011001001100000110001000010100001101101101100110111111110
0000110100011011010000110100100001001000110011110101111100110111011110
0110101100111001011001110000110001001110110000111001011100100011110110
1111000111101101101110101011001110001000111101101110110011100011000100
0110111000111011001001110000110000000010110011111101111000010110000111
0110001100111001011001110100110000001100110001111000101100010111101111
1000011001010110100011001111010111010011001000010011000111011100011011
1111000111101101011110101011000010010001111111101000110001000011000100
0111000110101101011110101010001010101001111111101010000011100001000100
0010001100101011011001100100110000001110110011111101101000100011101101
1001101011010110100111001111111111110111001100010010000111011100011011
1001011011000110100101011101110111110111001100000011000101011100001011
0100111000111001001001110100010001001110110011111101111100010110010111
0010110100111011010000110100110001000110110000011000101000100111111001
1000110010010110100011011110110100100111001000010000001100010100110000
1001111011010110100101011011111101110111001000010011001101011100101010
1000001011010110100111011011111111110111001000010011000111010100111010
1001000111101001010110101010000110111001101111100110000001101011000100
1001101011010110100111011110111011110111001100000011001101001100111011
1000011011010110000010010111111101100001001000010010001111011000111010
0100010000111000011000100000110001001010110001111100111100110111010110
1111000111001100111110101001001110101001011001101000110011100001000000
1001101001010010100111011010011101110101001100000011000011011000101011
1001101000010110100111011111110111100100001000000011001111010000111010
1011000011100101111110101010001110110001001111001110010011101011000100
0111000101001100110110100001001110011000111011101110010011100011000100
0110111100010010011001010100010001001010100000100101111100100101111100
0010111100111011000001110100110001001110110001111101111100100111111111
0001111011010110100011011110111111000011000100010011001111010100111001
0101000111100101100100101010001100111000111011100110110000101011000100
0000101100011001010001110100110000001000110001011100101000010011111111
0001000111000101001110101010001100111000111111101010000011100011000100
1001100001010100000001011000101111110101001100010010001101011100010001
0001011011010110100111011101111111010111000100010011001111011100110000
1111000111101001111110101010001010010001000111101100110011101001000000
0111000101101001111110001011001110001000101110101110010011101011000100
0010000111101101111000101011001100011001110101101100110011101000000100
1001111011010100000111010001101111110111001000010010001111011100011011
1101000001101101111110001010001110111000111001101110110001001000000100
1111000110100101111110101011000000111001111100001000100001101010000100
