75
010011110011101101100111000010000000101011001111100110010001001101101100011
100001101101011010011101110111011011001100000001000000110001100011100101000
000111001101011010010101111111111111001100100001001100010100100010101101100
001011110011100101100111010011000100111010001111110111010011000011101110000
101100000000110111111010000000110011100111111110111010001010101100010001111
111100001000110100010000101100111011100111111110111011001110000000010001111
110100010110000111111000101000111011000110100110011011001100100100010001110
100100101101001010001101101011010110011000110001000100010001100010101111100
011001010001001100100010010011000000101010001111110111110001000111011110011
011000110011001001100011010010000100111000001101110101110011011111101100011
100100100101011000010101110111111111011000110001001000110001110011100110100
111100011110110111111010001100101011100111111110000001001110001000010001111
100111000001011010011101011111111111010000110001000000010101000011100100100
011011000011101101100111000011000100101011001111110111100011000111011110011
111000011110110111100010100100111011000110111110110011000110001100010000111
100111101001011000011001111011111111000000110001001000110101110011101111100
011010110001101001100111010000000000111010001100110011110011011111010110010
100110100101011010011101100101111101001000010001001100110100010010101011000
100110101101011010011101101111111011011100110001001100111100000011001111100
011011100011100101100110010010000100111010001110110110110001011111100110011
010010110001100101100110010011000100111011001110010101110011010011011110011
111100010010110011111010101100111011100011111110001011000100100100010000111
100110001101011010011101110111111110001100110001001100011101100011100111100
111100010110110111100010101100111011000000111110011001001110101000010001101
011001110010001101100111010000000000110011000011110111110011011111111110011
011100001110100110011010101000111010100111110101111010001110001100010001001
001001110001100100100101010001000000010001000110100011000011011111100110001
011001000011101001100111000011000100011010001111010110110011011000111110011
111100011110110100111010000100110011100101111110111011001110101100000001101
011100011010110101101010001100011011100101011110111011001010101100000001111
001011100011101101100111010010000000011011001111010111110010011111111100011
011011110010101101100111010011000100111011000101110111110010011111111100001
011001100011101101100111010001000100010011000100010101110001011011101110001
001100010110110101011010000100011011100011010100011011001000001100010001101
011011110011101100100111010011000100111011001011100110010011011101111010001
011011100011101101100101000011000100101011001111100111100011011101111110011
100111001101010010011100110011010111011100010001001100101101000011101111100
000100010110100010111000101100111010100110111110111001001100101100010001111
111100011110010011111010000100110011100011101110101011001010001100010001110
011011100001001000100010010011000000110011001010110111100011010111101100001
100111101001011010011100110100111111011100100000001000111001100001101110100
100011000001010000001100111011111111001100110000001100110100100011100111100
001011110011101100100111010010000000011011001111110111010010001111011110010
000011010011101101100111010011000100110001000110110110010000011111111110011
100111001101011010011101000111100011011100100001001100101101010011101010100
100111101101011010011101011111111101011000110001000100111100110001001110100
100111101001011000011101101111100011011100110001001100010001010010101011100
111100011110110101100010110100110011100000101110111011001110100000010001001
100111001100011010010000111011010011011100110001001000011100010000101111100
000111101100011010011001110111111100010100110001001100111001110001000111000
001011100010000101100111010011000100111011001011110001100001011111110110011
101100011100010001111010100100111011100101111110010011000110001100000001011
100111101000011010010100111111110111001100110001000100010001010011101100100
000101101101011010001101101011111101011100100001001100101101110010101111100
010000001110010111111000100100111001100111001100011001001100100100000001101
111100011110100111111010100100111010000011110110110010001110101100000001111
000011100001000000100011010011000100111010001101110001110001010011111110011
001001100001101101100111010010000000110001001101100101110010011111010110011
000111000101011010001001111111110011001100100001000100010100100011101011100
110100011110110110011010101100001011100110001010011011001000001100000001111
011010110010000100000111000011000000010011000101010001110010001010101010010
000000000110000111011000101100111011000100011110111011001100001100010001101
100010000101001010010001111111111111011000110000001100010101110011101011100
100010101100011010010100111011110111011100110000001100110101010011101111100
011100011110110111111010101000111000100101111010001011001110101100010001111
110100001110110110111010101000111011100111111100011010001110001100010000000
111100010110100101010010101100111011100111011010101011001010101100010001111
000011101001011010001101110100110111011000110001001000001100010011101011100
101100011100010101101000100100111011100110111110100011001010101100010001111
111100011110110110111010101100111001100111110100111011001100000100000001111
000100011010010111111010101100001011100011111110111001001110101100010000111
011011110001000101100011010011000100111001000011110101110011011110111100010
001011110011101100100111000011000100111011001110100011110011011110111110011
100011101101011010011100100101100001011000110000001100011101100010101111100
100011001101011000011101111111111111010100010001001100111101010010101110100
