80
01100111001100110110001101000100000011101100011101000010001000111011011001111010
10010100110101101000100011101111011100110001000100000010110101001110110010011110
10011110110001101001110110011001101101100011000100110010110111001010011100011100
01101110001100010110001101001100000011101100110111011001001000101111111001111011
00110000111011010111101010110011101110001110110011101100010010010001000101100000
11110001111001011111100010100011101100000111111010101000001000110001000111100101
10110001011011010111001010000011101110001111111011101100010010110001000011000101
10000110110101101001110011111111011101100001000000110001000111001110011110001100
01101101001110010010010001001100010011100000011101011111001101101011000001101011
01101111001110110110001101001000010011100100111111011110001101110111111001100010
10011110110100100001100111011111111101100011000000010011010111001110111110011110
11010001111011001111101010010010101110001111111010100000111010110001000111000101
00001010110100101000110110110000111000100010000100110011110111000110010110001010
01101111000100110100011001001100010010101100000111001011001101111111111001011011
11100001011011011110101000010011101110011111011011001100111010010001000111100000
10011110110001101001010101011111111101100001000100110011110111001010011110011110
01100101000110110010001100000100010011101100111011011101000101111111101000011011
10011110010101100001010101111101111100110010000100010011100111001100100100001010
10011110110100101001010100111111010101110010000000110001000101001110111110011110
00101111001100010110010101001000010000100100111111001110001101110001110001110011
01101101001110100000011101001100000011100100111110011101001001110111110001111000
00100001100011010111101010010000001100000111110011101100110010110000000111100001
10011010010101101000110110110001111101000011100100100011110111001110011100001100
10110000011010011111101010110001101100001111110011100000111010000001000101000100
01101111001110000000011100001100010011101000011111010011000100110010000001111010
11010001111001010101100000010011100110011111101010101000111000110001000011000100
01001101000010000110001100001100010011001100110101011111001101111110111000110010
00101001001110110110011101000100000011001000011101001011001101101100111001100011
01110001111001010111100010100000101100011111101010100000101000000001000010100001
11010001101001011110100010110001101110011101011011101000101010110001000011100100
01001111001100110010000001000000010010101100101110001111001101011010101000101000
01101111001000110110001101000100010011101100100000011101001100111011111001111010
00101110001110110100001101001100010011101100011011010011000101110111111001111011
01000001111011011111001010100011101110011011110010101100110010110001000111100101
01101111001110110100011100001100010011101100111111001101001100001010110001111001
01101111001100110110011101001100010010001100111111011010001001010100101000101011
10011010110101101000100011110111111100110011000000010011110111001010101110011110
10110001111000011010101010110001101000011001011001101100011010110001000011100001
11110001111011011111100010000011101010011111001011100100100010010001000101100101
01000000000000100110000001001100010011100100011011011111001101001011111001111010
10011010000101101000000111111111111101100011000100110011110010001110111110000110
10011110010101101001110101101111101100110001000000010001010101001010111110001110
00101110001110100110011101001000010010101000111111011111001101011001101001100011
01100111001100110000011101001100010011101100000001011110001001011110111001111011
00011110010100001001111101101011011100000010000000100011100111001110111110011010
10011110110100101001110110110100111101010010000100010011010111001110111100011100
10000110110100101001100011011110101101110010000100110010100100001110111110011100
11110000110011010101101010110010001100001010011001101100010010110000000110100001
00011110010101101001110111001110111100110010000000010011110111001100101110011100
10011010110001101001010110110100101101110011000100100010110111001100110010011110
00101111000110010010011101001100010001101000101101011111001101010111010001010001
00110001111010011110100010100001100110011111011010101000111010100001000110000100
00011110110001101001110001110111011101010011000100110011110011001100111110010110
00001010110000101001110000100011011001110011000100100010110101001110110110011010
11100000111011010101001010110010100110011011111011101100111010110001000011000101
00010001101011011110101010110011101010011110110010101000110000010001000111100101
01100000000110110100011101001100010010101000101011011111000101001101011000011011
01101010001110110000011101000000010011001100010111011111001100011110010001111010
10010100110101100001100101111111001101010011000000110010010110001110011110011110
01100001111011011111001010110011101010010110111011100100111010110001000111100101
00101011001110110100011100000100010011101000110111011010001101011111111000101011
01100001111011011111101000110010100110010111110011101100100010110000000011100000
10010110110101001001110011110101110001000000000100010010000101001010111110001110
10001110010101101001110011100111110101100011000100100011010111001100110100011110
11110001101001011110001000110011001010011111111011001100111010110001000011100101
01010001011011001110101000110000100100001001111011101100111010010000000001100101
11110001111011011010101010100011101010011101111000100100011010100001000111100101
10011110110101101001100101001101110001110010000000110011100110001010110000010110
01010000011001001111100000110011101110011111111011001100000010110001000110100101
11110001011011010011101000110001101000011101111001101100111010110001000111000101
10110001011001011010001000110011100110011111111010001000101010100000000011100001
00101101001110110110011100000000010010101100111110011101001100110010110001111011
01000111001110110010010001001100010011001100101111011111001101101010111000000011
10011110110101100001110111010101111001110011000000100011010101001110011100011110
10011100110000100001110010111111111101110011000100000001010111001110101100011010
11110000001001011011100010100001101010010001111011101100111000010001000101100101
11110001101011011110101010000011101110010101111011000100111010110000000101100101
01100111001100010010001101000100010010101100011011011011001100111111110001011010
11010000111011011111000010110001100110011111100001001100111010110001000111100101
00010110100101001001010000011000111101100011000100100011100110001110111110011010
