85
0110111000111011011000100100100001000110110011000100100100010111110101000101100111000
1001010011000110100111011110011011110011001100010011001111000100110000111001111000011
1001101001010110000101000111101011000110001100010011001110001100011001101001111001001
0110110100101001011001110100110001000010100010110100111100010111110111100110100111101
1011000011000101110110101011001110011000001110101110110001101001000000011110010110110
1101000111101101111010001010001110111001101111101100110011101011000100010110010110110
1010000111101101101110101011001010010000101001100110110001101011000100011110010100100
0001011011000110000111011110011111110001001100010011001101011100111011111001111001001
0100111100111001001001110100110001000110110001111100110100000111111011100110100100100
0110111100111011010001100100110001001110110011111101111000110111110101000111101010101
1001011011010100000111011110111101010110001100010001001101001100111001111001000001011
1010000011101101111110101011001100111001011101100000100010101011000000011110010110100
1001011011010010100111011111101111110011001100010011000101011100001011111001110001010
0110111100110011010001110100010000001110110010011101101100010111011111000110100111101
1110000101001101111110101001001110111001001000101000110010101011000100010110010110110
1001111011010110100101011010100111110111001100000011001101010100011011011001111001011
0100111000011011011001010100110001001010110001111100111100110101111100100110001001100
1001110001010110100110001111010111110101001100010011001000011100111010011001111000000
1001011010010010100011011111111011100111000100000001001111000100011010100001111001011
0110101100111011010000100000100001001110110011110000111100000111111111000110001111100
0100111100111010011000110100110001001110110011110001111100000100111111000010101101100
0111000111101101101000101011000000101001011111101100110010101011000100011110000110010
1001101011010110000111011111100111100111001000010011000101000100101011111001111000000
0101000110101101101010101001001110110001101111101010100010101010000100000110010110010
0100111100111011011001110000100000000010110000100001101000100111111111100010100001101
1111000111101100111010100011001010001001111011101010010011001011000000001110010110110
0110111100111001011001100100110000001110010011011101100100110111100101000110100111101
0010101000011010011001110100100001001110000001111101111100110111111111100110101111101
1011000011101001101110101011001110111001001100101110000011001001000100001110010010010
0101000111100100111010000010001110110001111111101110100000101001000000011010010010110
0110111100111010001000010100110001001110010000111001101000100011111001000101100111101
0000110100111011010000110000110001001110110011111101001000100110111010100011000111000
0110111100001011011000110100110001000110100010111001001100110111111111100111000111101
1111000111101001111110100001001110111001111000001100010011100011000100011110010110110
0100010100011011011001110000110001000110110010111101011100110111001011100111101101001
0100111100111011010000010000110001001110110011011000110000010101101111100101101001100
0000110001010110100111000111101101010101001100010011001000010000111001111000111001010
1010000011100101011110100011001110111001111111101000100010101011000000001110010010010
1111000011101101101110101011001110110000111111101110100011101011000000011100010110010
0100010100011011011001110100110001001100110000111001101100110111111110100110111011100
1001011011000100100110011100010111110111001100000011001111011100110011110000010001001
1000000011010100100111001110011101110111000100010010001111011100011001101001010001011
0110111100111011010001110100110001001110100011100100101100010011100101100111100011100
0110110100111001011001010000110000001110110001111100101100110101111000100101101101101
1001110001000100000111010110010110110110001000010010001111010100111001011001101000011
1000011011010000100111010111010100010110001100010011000111011100101001011001111001011
0001111011010010100111011101111110100111001100010010001011011100111000110001111001001
0111000111101100110110100011001110111001010111101110110010101011000100001000000110110
0000110011000110100001010111111111110111000100010011001111001100000011110001011000011
1001111011000100100001000011110101100010001100010011001101011100100010000001111000010
0110101100001001010000110100110000001010110011111101110100000011101111000101100101000
0110000101101101011010101011001110101001100001001110100001001011000100011100010010100
1001111011010110100111011011011000010111001100010011001010001100111001011001011001010
0001111011000010100111000101000001110000000000010010000111001100101011111000110001011
0111000101100101111110001001001110101001111110101100100001101011000000011100010110000
1111000110101101101110100011000010100001111111001110010000101011000100011110000100110
0110010000010010001001010100100001000110110011111000110000010110110011100110100111101
0100111100101001001000100100100001000010110011101101011000010111000010000111101110100
0000111001010010100001011011011111100111000100010000001100011000111011100001100001011
1001000101001101110000000011000010111001111111100100000011101011000100011000010110000
0010111100111010010001010100110000000110110001111101111100110101111111100100100111001
1111000111101101111110101011000110110001110111101100110011001011000100011100010110110
1001011011010110000101011111001111100111001000010011001111010100111001111000111000011
1001111011010110100101001111111011110111001100010011001101011100110011011001100001011
1101000111100000110110101011001110011001101111100110110010101011000100001100010010100
1111000111100101111110001001001110001001110110100000100010101011000000010100010110010
0010000110101101111110101001001110111001010111100010110000101010000100011110000110110
1001011001000110100111011011100011010001001000010011000100011100101010111001110000011
0001000110001101011110101001000110110001100000001110010011101001000100011110000110010
1011000111101101000110101011001010111000111011001010110010101011000000010110010110110
0111000110101000101000101001000110111001111100101000010010101010000100011110010010010
0100111100111011010001100000010001001010100011101001111100010111011111100011001111101
0110101100111001010001100100110001001110010011010001111100010111101110100111100011101
1001111011010110100101010111101011110111001100000011001111001100111011101001011001001
0001111011010110100111011111110111100101001000000000000111000000001011111001011000011
1110000101101001011000100000001110110000011111101110100001100001000100011110010110110
1111000111001101011010101011001000111001001111100110010011101011000100001000000110010
0110111100011011011000110100110001001111110001101101111000010110110101100111001110101
0110000101000001111110100001000000111001000111101100100001000010000000010110010110100
1001111010010110000111010111001111100010000100010010001111011100011011010001111001000
1001110001010110000101010111111111000111001000010001001011011100111011111001111001001
1011000100101101101110001011001110111001111101100010110010101001000000011100000110110
0001111011010110100110001111011011010001001100010001000111000100101001011001011001011
0100110000101011001001010100110001001110010011011100110100100111011111100011100001100
0111000101100101001000001011001010100000110111101000010010101011000100011110010010100
