90
010011110000100101000110010011000100010010001101000001000011011010111110011110101110101101
100011101101011000011101111011001111010100000001000000111100110011101101100101100101001010
000011101101010010011101111111111100011100100001001100111100100010101111100111000101101111
000011010011101100100000010011000100110011001101110111110001011111110110010110111110111101
111100011010110011101000100100101011100111001010111011000100000100010001111001011001000000
111100011110110111111010101000110011100111011000111011000100101000010000111000011010000000
111000011100110111111010001000011011100110011110010011000110100000010001011001010011000010
100111101101001000010101101010111101011100100000001100111101110001100011100111100101101101
011011110011101101000011010011000100111011001111110111110011010101110110011110111010011100
011001110011101101000001000010000100111011001111110110110011011111100110011100101000010101
000111001101011010001100111111011100001100110001000100111101100010001001100100100101100000
011100011110110111111010101100011001000011111100111010000100101100010001011001010011010010
100111101101010010011100000111111110011100100001001100011101110001000111000110100101001111
011011100011101101000111010011000100110001001011110100010010011101111010001110010000111101
010100011110010011111010101100101010100111111110110010000110100100010001101000001001000010
100101101101010010011101111111001111011100100001001100111101110001100100100111100101101011
001011100011101101100111010010000000001001000010010111000011011101111110011100101100111100
100011101101011010011101111111111010011100100001001100111101110011101111100111100101001101
000111100001001010011001111010111111000100110000001000111100110011101111000011000100000110
011001110001101101100111000010000000010010001110110111110010000100100110011000111110101100
011011100011101101100010010010000100001011001111100111110011001011011000001110100100111100
111000010010110111010000101100111011000011111110111011001010101000010001101001000000000010
100001101001011010011000111111110111011000110001001000110101010011001111100101000001101101
011000011100010111110000101000111011000001101110110011001110101100010001011000001001000010
011011010011001101100111010011000100110011001110110101010011010011101110011110101110111100
111100001010010111101010100100110001100111110100010011001100101100010000111001011001010000
011001110011001101100111000001000100101010001100010111110010011111110100000010011110100001
001010000011101101000110010011000100111010000011100011100011011000011100011110111000001101
111100011110110111111010100100111011100111111000111011001110101100010001111001001011010010
111100001010110101000010101100101011100111101110111000001100101000000000101001011010000010
001011010000101001100111010011000100111001001011100111110001010110001010011110111010011101
001001110011100001100111010010000000111011001111100110100011010110010010011110111010111101
011010110011101101100101000011000100010011001110010011100010010111111100001110001110111101
111100011110110100101010101100101010100111111100101000001110001100010001111001011010010010
010011100000101101100111000011000100111000001110100111010001011111100110011110100010101100
010011110001000100100111010011000000101010001111110011000011011110101100011000111110111101
000111101100011000000000111111110111011100110001000100111001000011101010000101000001001111
111100011100110101010010100100111010100111111010011010001110101100000001101000011011000000
001000011110100111001010001100110011100011110110001010001110000000010001010001011011010000
011011110010101101100000010011000100110011001101110100110011011110111110001110001110001101
100111101101001000011100111111011101011100010001000100010101110011100100100111000101101101
000111001101011010001101110011111100011100110001001100011001110010101101100111100101101101
001000010011101101100111010011000100111001001001010001110011011111110100011010111000111101
000001100011001000100110010010000100111011001011110101100011010111101110011100101010111001
100111101101011000011101101011111111010100110001001100110101110011101111100111000001100101
100100101101001000011101111001011111001100000000001000101101110000101111100111100101101011
000010101100011010011101100101111011011000010001001000111001010010101101100011100100000110
111100001110110101001010000100110001100111111010101011001110101100010000111000011001010000
000111001101011000011101100111110111000100010001000100000100000000000111100111100101001111
000111101101011010010101111011001001010100110000000100101100000000101101100111100100101110
001011010001100101100110000011000100011001001111000111000011010011111110001010111110101101
001100011110110111011000101000110010100111011000111011001010101100010001011001001011010010
000111101101001010011101011110111011011000000001001100110101110001101111000101000101001100
100111101000000010011101111110101011000000110001001100101101110001101110100011100001001101
011100011110000101111010001100111000100100111110010011001110101000010001010001001011010010
011100011110110101111010101000100010100111101010000010000100101100010001011001001011010000
011000010010100101100101010011000100111001000111010101100011011111101100011010111110110101
011011110011101101100011010011000100011010001101110011110001011010100110010110101110111101
100000101100011010011101101110011101011100110001001100101001110011001100100110100001101100
100100011110100111001010100100110011100111111110001011001110000000010001101001000011010000
011001110011101101100101010011000000010011001101000111110010001111111110001110110110111000
110100011100110111100010101100111011000111111110001011001110000100010001111000010011010010
100101000101010010001101011111000111010100100001000100111100100011001101100111000100001101
000110001101011010010001011010111111010100110001000100011000110010101100100110100101101111
111100000110000001101010101000111011100111111010001000001110101100010001100001011010010010
010100011100110111101010101000001010100010111000001011001010101000010001110000011011010010
111100011100010111110000101000001011100111111110011011001100100100010001111000000000010000
100111101001011010001101011110011100001100100001001100110001110011101111000111100101100111
111000000010010011101010100100101001100101011110011011001010101100010001110000011010010010
111100001100100111110010101100001011000111111110111011001110101100010001111001011011010000
101100011100110011110010100000110010100100011100101011000100100000010000111001001011010000
011010110011101001100111000010000100011001001110110110110001011011111100011110111100110101
011011010010001101000110010011000100010011001111110001000011011111101110011010101110110101
100111101101000010010001110110110111001000110001000100111100010001101111100011100101101110
100011101101011010011101110111111111010100110001001100011001110000100111100011100101101111
111100011110110111001010100100111010100111011100110010000110101100010001000001011011010010
101100011000110101101000101100111010000111101110111001001110101100010001111000010000010010
011010110001000101100110010011000100101011001110110111110001001010010110011100111010001101
110100011110100111011000100100110011000001110110111001001110100100010001111001011011010010
000111101001010000010000011101110101011000100001001000001000110011001101000111100101101110
100111001100001010010001111111111101011100110001001100111100000011001111100101100100101101
111100010010100111111000101000001001000111000110111010001100101100010001111000011011000010
100101101001000000010000101011111111011100010000001100111101110011001110100101100101000011
011010110011101101000011010010000000111011001101100111110011010101010110011100110110101101
101100010010010110011010101000011011000011111100011000001110100100010001111000011001010010
000100001101010010001000110010111101001000110001000100111101110011101111100110100000101011
111100011000110111011010100100111011100111110100111011000110101100000000011001011001010010
101100011100110011111010100100111011100111101010111011001110001100010001111001011001000000
011000100001101100100101000011000100100000000110110100100000010111011000011110110110111001
101100010100110101000010001100111001100111111100101001001100001100010001101001001011010010
